# Referencias: DataCamp.com
# Course: Introduction to time series analysis
# Lesson 1: Predicting the future


# Trend spotting --------------

# Sometimes ts do not exhibit any clear trend over time 
# Some other times they exhibit a pattern, for example linear
# They could be upward trends or downward trends
# There are also upward trends increasing more rapidly than linear
# Rapid decay is also possible, but not as common.
# Some series may exhibit periodic or sinusoidal trends over time
# Here, the cycle lenghts determines the periodicity of the cycle
# Also you may see increasing variance over time

# There are data transformations that can be used to filter
# the common trends just discussed.

# A rapid growth trend can be linearized with the log()
# This transformation also applies when you see increasing variance
# But remember that log is only defined for positive values

# The diff() is a first difference transformation
# it can remove a linear trend
# The resulting values represent the increment, or changes, between
# consecutive observations in the original series
# Of course, the diff series will have smaller observations than
# the original series

# Finally, for a periodic series, the diff(...,s) is applied
# to calculate a difference transformation.
# It can remove periodic trends.
# It is called the seasonal difference transformation.


# Random or not random?.............
# Some time series exhibit predictability when strong periodic
# or seasonal patterns are present. 
# Other time series exhibit predictability when positive 
# autocorrelation - or correlation among neighboring observations -
# induces what appear as short-term trends.


# Removing trends in variability...........
rapid_growth <- c(505.9547,  447.3556,  542.5831,  516.0634,
  506.9599,  535.0162, 496.9291, 497.5626, 577.2483,  536.8560,  
  541.2459,  473.4978, 550.9890,  569.4106,  522.9152, 487.2002,
  594.6108,  591.1740,  615.9868,  621.3175, 607.1250,  587.0367,
  554.1554,  644.1172, 509.7000,  607.0943,  603.5512,  613.6216,
  544.9143,  670.8118,  687.1316,  615.5817,  711.1873,  694.2979,
  681.9293,  659.1403,  642.7021,  601.5301,  666.7623,  650.9657,
  606.0913,  696.6788, 641.6025,  855.7719,  667.3291, 573.4914,
  791.7333,  751.5914,  610.7948, 624.6503,  833.2990,  639.8867,
  736.8283,  772.2923,  686.8865,  667.7631, 712.9415,  918.1838,
  656.1089,  700.4972,  683.4933,  781.7380,  715.6843, 808.2875,
  820.7795,  656.8856,  733.3400,  773.5387,  641.2027,  932.2119,
  680.6766,  988.2828,  664.8986,  813.5283,  883.4088,  924.2749,
  969.4321,  777.3293,  880.9984,  971.3583,  902.9584, 1020.7457,
  1075.1483,  886.1707, 889.6322,  950.3908,  878.0395, 1043.7676,
  901.1090, 1079.6584,  933.9054,  921.9433,  870.8071,  811.1398,
  1004.2677, 1008.1758, 1189.4893,  751.9706, 947.4753,  886.5153,
  1074.8943, 1101.1307, 1130.1855,  975.8495,  948.1610,
  1177.8227, 1227.1271,  976.9957,  836.7089, 1323.6047,  852.3532,
  1200.8262, 1274.4788, 1349.2614, 1102.6334, 1324.8566, 1268.7187,
  1058.2289, 1204.0872, 1084.6503, 1284.4305, 1195.2843, 1058.4262,
  1188.0577, 1166.5934, 1064.6946, 1429.0685, 1070.8528, 1539.3305,
  1467.1571, 1127.7058, 1296.0717, 1555.2741, 1332.9037, 1315.4236,
  1189.2462, 1482.4339, 1240.9287, 1237.7720, 1468.6083, 1328.5457,
  1589.5078, 1373.1630, 1503.5563, 1659.9376, 1704.6137, 1550.4638,
  1625.8026, 1873.8582, 1370.6209, 1439.7114, 1447.4369, 1579.9158,
  1681.2571, 1661.6059, 1311.8468, 1326.0308, 1323.0995, 1550.4863,
  1606.2042, 1768.5401, 1509.8368, 1592.1086, 1627.6188, 1544.6329,
  1439.5234, 1682.3518, 1850.7097, 1673.3801, 1832.4272, 1672.2672,
  1781.5768, 1659.2899, 1970.0389, 2044.7124, 1929.0902, 1891.7042, 
  1487.1577, 2013.8722, 1796.7886, 1977.0183, 1516.9552,
  1650.6039, 1523.2834, 1696.6181, 1627.2609, 1787.2968, 1567.2874,
  1881.9963, 2318.9833, 1941.9879, 1820.2797, 2154.8123, 2261.5471,
  2052.2214, 2079.1710, 2010.0609, 2145.2606, 1775.3008, 2013.4070)

ts.plot(rapid_growth)

# Log rapid_growth
linear_growth <- log(rapid_growth)

# Plot linear_growth using ts.plot()
ts.plot(linear_growth)
# Notice that the data stabilized by inducing a linear growth
# over time


# Differencing a time series can remove a time trend. 
# The first difference transformation of a time series z[t] 
# consists of the differences (changes) between successive 
# observations over time, that is z[t]???z[t???1].


z <- c(6.226447, 6.103354, 6.296341, 6.246230, 6.228432, 6.282297, 6.208447, 6.209721,
      6.358273, 6.285730, 6.293874, 6.160147, 6.311715, 6.344602, 6.259419, 6.188675,
       6.387907, 6.382110, 6.423225, 6.431842, 6.408735, 6.375087, 6.317445, 6.467881,
       6.233822, 6.408684, 6.402831, 6.419378, 6.300629, 6.508489, 6.532526, 6.422568,
       6.566936, 6.542901, 6.524926, 6.490936, 6.465681, 6.399477, 6.502434, 6.478457,
      6.407031, 6.546325, 6.463969, 6.752004, 6.503283, 6.351743, 6.674225, 6.622193,
      6.414761, 6.437192, 6.725393, 6.461291, 6.602355, 6.649363, 6.532169, 6.503933,
   6.569399, 6.822398, 6.486327, 6.551790, 6.527217, 6.661520, 6.573239, 6.694918,
   6.710255, 6.487510, 6.597609, 6.650976, 6.463346, 6.837560, 6.523087, 6.895969,
    6.499635, 6.701381, 6.783788, 6.829010, 6.876710, 6.655864, 6.781056, 6.878695,
   6.805677, 6.928289, 6.980214, 6.786910, 6.790808, 6.856873, 6.777692, 6.950592,
 6.803626, 6.984400, 6.839375, 6.826484, 6.769420, 6.698440, 6.912014, 6.915898,
7.081279, 6.622697, 6.853801,6.787298, 6.979978, 7.004093, 7.030137,6.883308,
    6.854524, 7.071423, 7.112431, 6.884482, 6.729476, 7.188114, 6.748001, 7.090765,
   7.150293, 7.207313, 7.005457, 7.189060, 7.145763, 6.964352, 7.093477, 6.989013,
    7.158071, 7.086139, 6.964538, 7.080075, 7.061843, 6.970443, 7.264778, 6.976211,
   7.339103, 7.291082, 7.027941, 7.167093, 7.349407, 7.195115, 7.181914, 7.081075,
   7.301441, 7.123615, 7.121068, 7.292071, 7.191840, 7.371180, 7.224872, 7.315588,
    7.414535, 7.441094, 7.346309, 7.393757, 7.535755, 7.223019, 7.272198, 7.277550,
7.365127, 7.427297, 7.415540, 7.179191, 7.189945, 7.187732, 7.346324, 7.381629,
   7.477910, 7.319757, 7.372815, 7.394873, 7.342542, 7.272067, 7.427948, 7.523324,
  7.422601, 7.513397, 7.421936, 7.485254, 7.414145, 7.585809, 7.623012, 7.564804,
   7.545233, 7.304622, 7.607815, 7.493756, 7.589345, 7.324460, 7.408897, 7.328623,
    7.436392, 7.394653, 7.488460, 7.357102, 7.540088, 7.748884, 7.571467, 7.506745,
   7.675459, 7.723804, 7.626678, 7.639725, 
7.605920, 7.671016, 7.481725, 7.607584)

# Generate the first difference of z
dz <- diff(z)

# Plot dz
ts.plot(dz)

# View the length of z and dz, respectively
length(z)
length (dz)
# By removing the long-term time trend, you can view the amount
# of change from one observation to the next.



# For time series exhibiting seasonal trends, seasonal 
# differencing can be applied to remove these periodic patterns. 
# For example, monthly data may exhibit a strong 12 month pattern.
# Then, changes in behavior from year to year may be of more 
# interest than changes from month to month
# The function diff(..., lag = s) will calculate the lag s 
# difference or length s seasonal change series.
# For monthly or quarterly data, 
# an appropriate value of s would be 12 or 4,


